93
5884 7568 20
2693 2694 13
15915 15916 31
21379 19805 31
21686 4480 28
22090 20585 20
11888 13033 20
22460 22947 20
23459 10011 20
10258 23612 20
22693 8332 13
17642 1027 20
19352 24604 16
11057 80 13
11605 15142 28
20946 23755 16
18363 19570 20
18363 17545 20
5884 25020 20
5776 4140 20
23210 25090 16
5884 6245 20
9875 3012 13
8467 16399 20
4475 18830 20
23682 21485 31
5884 20364 20
22528 16688 13
13577 11587 20
3880 6281 20
24446 6918 20
19726 25437 16
7200 1027 20
5893 6969 20
11962 1101 20
25612 25272 16
11098 187 13
24340 24380 16
22528 23290 16
24797 84 13
496 9910 13
25667 20496 16
22686 19452 20
343 13871 20
22931 6452 16
5884 503 13
13985 23077 20
6504 3885 20
25543 5102 20
7419 1286 13
3963 12832 20
22097 10906 20
496 14754 13
15088 4796 20
3392 838 20
3392 522 20
9385 3030 13
13191 1129 16
16102 1385 13
24357 14653 20
11902 23969 28
21581 13033 20
13452 5644 20
21826 4426 20
11057 20472 20
9385 22781 20
403 14368 20
627 15629 20
24420 6837 13
19997 7308 20
22641 24304 16
4149 3334 13
5884 22796 20
7041 25759 20
19505 22424 28
1286 21974 20
22382 25228 20
21631 19447 31
3930 14459 20
1031 12120 20
9191 9190 20
9320 24516 20
25384 20496 16
24034 24958 20
1950 10014 13
3103 10625 13
25728 14324 16
5884 15653 20
15167 5822 13
8603 25827 28
25272 25612 16
1444 803 20
24294 25288 20
