2774
349 350 9
398 399 6
445 25 4
481 25 4
847 25 4
1004 25 4
1700 1701 18
2047 25 4
2747 2748 6
711 803 6
3405 25 4
3450 25 4
4027 25 4
4139 4140 6
4320 25 4
4385 25 4
4533 25 4
4645 25 4
2415 4809 6
4819 3412 6
4899 25 4
4940 4941 6
5223 5224 15
5286 25 4
5353 4140 6
5511 25 4
5632 25 4
4088 25 4
5909 1701 18
5937 25 4
5959 25 4
6199 6200 17
6368 25 4
2185 25 4
6592 6593 6
6626 2740 6
6664 6665 15
6690 25 4
6882 25 4
6922 3155 6
7167 803 6
6479 25 4
3677 7449 6
7454 7455 6
7645 2740 6
7838 25 4
7971 25 4
8130 2513 6
4586 25 4
8564 25 4
8634 25 4
8179 6060 15
9058 25 4
9119 25 4
9135 25 4
9142 9143 6
2923 25 4
9252 248 6
9345 9346 17
9435 25 4
9566 9567 6
9583 25 4
1716 25 4
9983 8968 6
10088 25 4
10150 10151 15
1808 5094 6
8727 25 4
10264 25 4
10442 10443 6
4327 1221 15
10603 25 4
10636 10637 6
10670 25 4
10905 10906 6
9879 25 4
11107 25 4
7726 25 4
3087 11291 6
11326 25 4
2097 25 4
11442 144 15
11652 25 4
11680 25 4
8949 25 4
12102 12103 6
12214 25 4
2453 25 4
5275 25 4
12367 25 4
12406 25 4
2735 25 4
1355 25 4
8915 25 4
1516 12832 6
12485 25 4
6195 12950 6
10331 3643 9
12976 25 4
13094 25 4
13264 8083 6
13266 25 4
13414 25 4
13461 25 4
2793 25 4
909 25 4
3112 25 4
3894 112 4
13590 14027 6
14160 14161 6
14304 7754 22
739 25 4
13593 25 4
14661 25 4
14806 25 4
10468 14829 6
14836 25 4
1434 25 4
2150 2546 6
13727 25 4
14989 14829 6
12322 25 4
15094 25 4
15227 25 4
10791 25 4
15324 25 4
10008 25 4
11016 25 4
557 25 4
5152 25 4
2565 4426 6
12766 15643 15
15685 25 4
15733 4140 6
15781 15782 6
15804 4796 6
15862 25 4
15888 5094 6
233 25 4
16103 25 4
9998 25 4
16142 25 4
14436 2231 6
15020 25 4
216 16357 6
16398 16399 6
10573 11595 6
5148 2282 6
16445 11469 27
16515 25 4
14155 25 4
8712 25 4
6650 25 4
9720 803 6
10225 25 4
12909 25 4
17125 3412 6
12528 13035 6
17148 25 4
17179 25 4
3549 25 4
1763 14638 6
17134 25 4
1626 25 4
17608 17609 17
8299 25 4
17676 5749 17
7752 25 4
10807 25 4
707 25 4
2184 25 4
8611 25 4
8265 17732 6
16368 25 4
9536 25 4
13065 25 4
16549 16594 6
18214 25 4
18242 10906 6
18290 13845 15
18402 25 4
18413 25 4
13887 18423 6
18465 25 4
5148 25 4
10509 7449 6
14364 25 4
18722 25 4
1002 25 4
18767 112 4
18781 25 4
13820 18901 6
944 25 4
17682 18928 6
18930 18931 17
9986 25 4
18838 25 4
19084 25 4
18166 9893 6
6619 25 4
17493 25 4
4476 25 4
6778 25 4
19213 13845 6
19229 336 6
19233 4796 6
19238 25 4
8588 25 4
19320 25 4
4837 25 4
16912 3483 6
10828 19583 6
17179 11502 6
19748 25 4
19781 25 4
10134 25 4
17424 17019 15
14527 25 4
15588 3180 6
20101 25 4
20139 144 6
13796 25 4
18005 7449 6
1801 20312 6
8580 1221 6
20404 25 4
2875 7438 6
20447 25 4
18371 25 4
7967 7014 6
11523 4140 6
20461 11555 6
9410 9728 6
20519 25 4
17877 25 4
18712 13062 6
2561 17732 6
11373 19046 6
4681 25 4
15050 25 4
17271 3885 6
7814 25 4
4075 25 4
15856 25 4
6781 7480 6
2465 25 4
11021 25 4
20778 25 4
8608 25 4
6224 20797 6
19557 20798 6
17463 25 4
16962 25 4
14680 20867 15
10551 20936 6
3052 21012 6
10047 25 4
13964 21026 6
6975 25 4
10960 25 4
17741 25 4
21222 8856 6
2638 25 4
7328 25 4
18479 21250 6
6591 1678 6
14414 8856 6
8416 20973 6
9617 25 4
9609 25 4
13605 11180 6
16257 336 6
15126 25 4
5683 25 4
300 25 4
4176 25 4
3382 399 6
14223 7455 6
11125 25 4
13698 12044 6
1781 10003 6
20728 25 4
19474 112 4
6892 18931 17
21748 10971 22
11799 13951 6
10949 25 4
12095 9567 6
21820 9839 6
9575 25 4
14760 25 4
14114 25 4
1805 10461 17
11859 3397 6
4378 25 4
14310 25 4
12824 25 4
19514 20312 6
22023 12021 6
8823 144 6
20453 25 4
2794 25 4
2549 25 4
22208 260 6
22217 2921 6
11653 25 4
19979 25 4
15632 336 6
7756 15782 6
17883 13951 6
10494 25 4
22222 25 4
8813 25 4
17951 25 4
7772 25 4
2841 25 4
11395 25 4
730 3905 6
22512 4140 6
19830 25 4
21478 25 4
13593 660 6
4662 1630 9
22570 25 4
19091 20123 6
15355 17818 15
11734 25 4
16386 3412 6
21439 248 15
8522 25 4
12333 25 4
2346 25 4
18707 3905 6
13393 25 4
1645 25 4
22728 22729 17
19978 25 4
8943 8981 6
11746 25 4
22756 8468 15
17800 17801 6
6368 11569 6
22851 9997 6
3980 25 4
22876 2694 6
16142 14515 17
22888 25 4
15321 25 4
19455 16307 6
3167 25 4
6447 25 4
11993 25 4
22937 25 4
21332 25 4
20646 25 4
14351 2740 6
16784 25 4
21398 14398 6
12417 8370 6
22197 25 4
12657 25 4
22990 25 4
15245 25 4
8208 25 4
15031 336 6
4866 25 4
552 25 4
20354 5102 6
15396 25 4
12141 25 4
13711 25 4
19348 17147 6
10276 25 4
14 4796 6
17329 864 6
16285 25 4
21615 803 6
14544 8412 6
10516 25 4
22879 15379 6
23212 21145 6
13005 25 4
20291 23249 6
7357 25 4
5986 980 6
2367 22953 17
23290 23291 22
23309 19447 22
23315 25 4
15726 25 4
11350 25 4
19051 16903 6
4588 23249 6
6007 17115 6
14276 25 4
21381 11098 6
19897 25 4
23383 23384 22
14047 1678 6
4653 25 4
3459 11180 6
7038 25 4
12809 25 4
17807 25 4
22274 13845 6
16945 6272 6
4655 25 4
7701 25 4
12494 1057 6
10411 2748 6
17171 25 4
15619 11380 6
10911 21453 6
1360 25 4
9347 25 4
23605 10625 6
18725 25 4
13875 4426 6
8455 25 4
19203 25 4
17549 25 4
6341 505 6
21156 25 4
8255 25 4
16652 25 4
15577 25 4
5172 19170 6
23723 25 4
1367 3397 6
1453 25 4
18750 25 4
13325 3412 6
15263 25 4
10704 9423 6
14666 25 4
10132 25 4
23763 16566 6
18533 25 4
9820 8856 6
17093 25 4
14457 4454 17
12660 6079 6
15549 25 4
16037 336 6
4522 5413 6
15588 25 4
23610 25 4
13825 8183 6
2662 25 4
19055 19266 6
15618 25 4
22259 13871 6
8493 14424 6
19111 25 4
13197 25 4
20620 25 4
9401 3180 6
22279 25 4
13025 25 4
2974 25 4
12745 25 4
3243 25 4
7774 5373 17
18809 11555 6
1873 25 4
2503 18110 6
13148 3412 15
17689 11863 6
5959 3397 6
22609 12875 6
21483 25 4
2445 25 4
2034 25 4
22240 25 4
21676 24092 6
7548 25 4
23419 23048 6
12230 8856 6
11715 11569 6
24111 25 4
4437 25 4
17159 16780 6
7547 25 4
9656 6041 6
6447 9480 9
18512 2231 6
6992 25 4
22619 18931 17
10100 25 4
4287 12103 6
17577 336 6
3651 25 4
14338 25 4
11880 25 4
6532 25 4
21814 25 4
9809 25 4
23867 5913 15
22596 25 4
14207 25 4
23717 25 4
15544 336 6
18982 8856 6
11512 25 4
2777 25 4
11192 25 4
20709 25 4
2397 2231 6
5216 25 4
1722 25 4
16743 25 4
7588 17115 6
16134 25 4
2494 24270 6
20946 1221 15
16817 25 4
22367 25 4
3127 25 4
14940 14761 6
5790 25 4
1708 13845 6
21095 25 4
18589 25 4
12635 25 4
5418 17948 17
12608 25 4
10765 25 4
13294 25 4
17302 25 4
8878 15778 9
12034 25 4
4953 1101 6
14892 25 4
24397 24398 6
7184 25 4
17725 25 4
16978 23019 6
24003 25 4
12516 25 4
4911 25 4
22568 5462 6
2318 25 4
1172 25 4
9449 25 4
17184 5950 6
7876 25 4
24483 25 4
24485 17642 9
16279 25 4
24490 24491 22
4869 25 4
2208 25 4
12870 25 4
5688 25 4
24512 25 4
8425 25 4
8623 112 4
14025 25 4
22789 2694 6
16661 25 4
12932 24045 6
8549 25 4
23773 5913 6
2552 25 4
18124 25 4
21907 25 4
23100 25 4
9601 19056 6
22554 10744 6
11345 25 4
13311 25 4
2765 2740 6
12293 16640 6
24461 24583 6
21042 15516 6
11445 25 4
10339 25 4
10709 25 4
9954 6017 6
7226 25 4
22685 25 4
19548 25 4
4793 25 4
6006 25 4
14407 4796 6
10909 4140 6
24633 25 4
9632 455 6
2726 24588 6
15600 11325 15
17081 15782 6
19797 25 4
4431 11569 15
7114 24654 6
18811 10019 6
4495 23872 6
18571 25 4
10365 25 4
1489 25 4
12560 25 4
24691 25 4
19437 25 4
13342 25 4
20688 25 4
2322 17030 15
20442 25 4
1220 112 4
669 25 4
9092 25 4
24740 1931 6
17967 25 4
5594 25 4
20934 25 4
13051 25 4
19672 25 4
15931 5913 15
16115 13009 6
20452 25 4
11213 25 4
13733 25 4
13300 11380 6
22116 18452 6
22119 18193 6
362 14803 6
7055 25 4
5960 25 4
22838 25 4
17344 12315 26
10275 25 4
14833 803 6
14420 5950 6
9770 15572 6
24806 112 4
10831 25 4
19585 25 4
18233 25 4
5764 25 4
18692 25 4
5756 25 4
13571 25 4
13369 25 4
22851 25 4
18919 3885 6
15785 25 4
8607 6035 6
19126 25 4
7512 25 4
20065 25 4
11786 25 4
582 25 4
18951 25 4
17792 10684 6
24899 25 4
7913 25 4
14873 25 4
20925 10279 6
13069 25 4
18282 25 4
18905 16780 6
21538 8412 6
12140 25 4
6649 25 4
21721 2231 6
9845 25 4
17820 25 4
18176 25 4
16083 25 4
10634 24453 17
7252 25 4
24940 14321 18
7327 15782 6
24105 25 4
18073 3483 6
3312 25 4
17086 5751 6
10358 3905 6
14626 25 4
5720 25 4
21262 25 4
24028 25 4
8273 25 4
6617 25 4
24971 336 6
12371 25 4
21430 25 4
16932 25 4
3022 25 4
15235 5644 6
7209 25 4
7706 25 4
19235 24998 6
7443 25 4
7654 25 4
16282 9143 6
8548 25 4
3401 25 4
25009 25 4
22951 20312 6
8030 25 4
12383 25 4
13404 25 4
19702 14217 6
19442 25 4
9387 23183 6
10111 25 4
17428 25 4
9015 25 4
12246 24295 15
364 8856 6
2040 14906 6
10444 3789 6
12771 25 4
24745 25 4
9810 25 4
5573 25 4
3516 5094 6
3075 25 4
24004 25 4
23633 19393 6
1803 25 4
10681 25 4
3085 15434 6
15054 25 4
14847 25 4
2691 25 4
11974 19266 6
8078 25 4
17945 25 4
12844 25 4
16272 25 4
16993 25 4
11072 25 4
8653 9894 6
23221 4426 6
16898 25 4
13399 8981 15
14032 25 4
5813 16903 6
6889 25 4
8024 25 4
15260 25 4
21030 15398 6
737 25 4
16426 25 4
3957 25 4
25016 23784 17
19149 25 4
19093 25 4
14422 20936 6
25104 25 4
13330 25 4
1463 25 4
17752 25 4
7915 25 4
17897 25 4
5596 25 4
23149 1031 24
19376 2231 6
8245 25 4
10821 15999 6
20772 3397 6
5307 25 4
14420 25 4
23073 25 4
24461 25133 17
9722 23742 6
17640 25 4
18131 25 4
19898 25 4
1602 21487 18
19753 455 6
16856 25 4
15481 25 4
7192 25 4
11729 3412 15
11953 832 9
5183 12651 6
1636 25 4
14510 17467 6
14911 25 4
11886 1117 6
21644 25 4
9157 25 4
17362 25 4
13227 25 4
2568 25 4
7269 25 4
6026 25 4
3771 25 4
6841 1027 6
5071 25 4
14729 4047 6
7764 522 6
12996 25 4
23935 5913 15
24373 2740 6
3386 25 4
7744 15629 15
12522 25 4
13126 2740 6
14970 25 4
23504 12875 6
6695 25 4
3282 25 4
10931 4140 6
9922 25 4
8044 25 4
17911 25 4
6600 25 4
8541 5749 17
9287 25 4
12733 25 4
7932 25 4
20095 18452 6
22823 336 6
23339 25 4
12276 17718 6
5233 25 4
12885 25 4
3835 25 4
19343 16102 15
3145 5094 15
18947 25 4
25260 10529 22
4596 22660 6
13351 25 4
19260 19964 6
6097 25 4
20971 25 4
23173 25 4
20408 25 4
25282 1221 6
7499 25 4
13026 25 4
229 25 4
21659 8856 6
10277 25 4
8162 25 4
14434 3789 6
10865 8649 6
14573 25 4
10203 25 4
11748 25 4
22726 17487 6
11770 1630 9
12553 25 4
904 25 4
20777 10242 6
15126 522 6
4506 25 4
23497 25 4
24589 2740 6
12296 10011 6
20533 25 4
1325 25 4
24235 25 4
11261 15782 6
2150 25 4
25311 25 4
4745 6272 6
21063 803 6
16199 25 4
3568 25 4
11752 25 4
12031 25 4
15204 22778 22
21397 25 4
23581 3483 6
21168 25 4
16798 25039 17
21392 25 4
4662 6042 9
13759 25 4
20298 25 4
16522 25 4
3916 7449 6
10208 25 4
7753 25 4
22707 25 4
18864 25 4
2559 25 4
14166 25 4
14261 25 4
24285 4809 6
13552 8183 15
19921 15572 6
19219 21150 15
10970 25 4
24080 25350 6
3333 22289 6
3452 8846 6
8531 25 4
21975 980 6
17350 25 4
15921 25 4
10018 25 4
9786 25 4
21528 25 4
19348 192 15
13504 25 4
23813 23730 6
12422 25 4
15262 25 4
24173 1221 6
19588 25 4
3365 25 4
21917 1443 6
9687 25 4
10569 25 4
4508 3412 6
8276 25 4
21753 25 4
23656 25 4
13134 25 4
18939 25 4
7925 25 4
3593 25 4
18104 16594 6
1163 25 4
10989 25 4
20426 16127 6
17382 15999 6
9505 25 4
10567 25 4
13693 25 4
15000 6017 6
9511 25 4
23943 4426 6
25399 25 4
10317 6969 6
21224 5462 6
21926 25 4
3716 25 4
12115 24521 6
14746 25 4
22803 25 4
22529 25 4
17466 336 6
24790 21577 6
19908 25 4
10823 25 4
10545 25 4
12267 18160 6
6092 17732 6
23298 25 4
13288 5102 6
25095 112 4
21367 25 4
24578 25 4
3511 25436 6
1431 336 6
15196 18160 6
21266 25 4
15466 17467 6
12909 21453 6
15233 25 4
25443 25 4
3309 6918 6
25446 23384 22
22339 25 4
8638 6211 15
25413 25 4
22949 25 4
451 25 4
24894 25 4
17018 25 4
4384 25 4
5999 5462 6
16177 18014 6
14566 25 4
10974 25 4
21752 522 6
12345 14906 6
24764 8467 9
7893 1031 9
22544 25 4
14691 25 4
16690 25 4
16030 14523 6
24312 25 4
23097 8856 6
7957 25 4
9739 25 4
19940 25 4
4180 25 4
19661 2694 6
10510 25 4
22992 25 4
25322 23053 22
14382 23020 6
498 25 4
25359 25 4
16503 248 6
22256 11342 6
13510 3397 6
3323 4140 6
23114 8183 6
23155 25 4
13766 25 4
9915 25 4
13843 25 4
16766 864 6
10952 25 4
1389 25 4
1474 25 4
482 25 4
16826 25 4
25498 5913 15
7112 24995 17
20492 25 4
6571 25 4
1406 25 4
4639 25 4
21620 23266 26
5474 25 4
9141 25 4
18085 7070 6
20380 25 4
16791 25 4
22364 4140 6
9642 25 4
7137 25 4
17893 5443 6
24124 25 4
17910 2740 15
15074 25 4
19981 25 4
3527 18160 6
15508 25 4
20765 25 4
18498 25 4
19923 25 4
25334 25 4
19196 23509 6
2197 25 4
12925 25 4
19819 25 4
2288 24434 6
8448 10011 6
20083 7940 15
9859 25 4
7905 25 4
14329 803 6
10095 23003 6
22139 25 4
21850 9072 24
706 3397 6
7591 25 4
22732 25 4
13319 25 4
4022 12315 26
22883 25 4
20814 14653 6
13335 25 4
21795 16640 6
5740 25 4
137 25 4
18124 10224 6
2573 25 4
25260 25 4
23425 5373 17
25161 24809 22
8919 25 4
1158 25 4
345 25 4
17859 25 4
14557 7455 6
14286 8649 6
18495 25 4
15938 25 4
12838 13035 6
18720 9319 17
25148 19164 6
7106 20366 6
21133 112 4
13276 25 4
16145 16897 6
8172 25 4
10683 1665 17
10156 864 6
11308 25 4
9460 25 4
13389 25 4
1567 25 4
18326 25 4
12072 25 4
8278 25 4
11561 8518 6
3718 112 4
21817 10011 6
16470 25 4
2709 25 4
23260 399 6
9087 13096 6
19504 4140 6
25453 22328 6
13647 25 4
24526 25 4
4195 25 4
21197 25 4
8075 24022 22
1771 25 4
14479 25 4
25576 5462 6
21705 25 4
22042 25 4
12032 25 4
11333 25 4
4376 25 4
18339 25 4
18411 25 4
10237 25 4
13067 25 4
2562 25 4
14207 9190 6
17778 112 4
17787 522 6
18707 25 4
25586 112 4
5512 25 4
5021 8856 6
14512 864 6
25590 6281 6
20076 15999 6
12475 25 4
11103 22101 6
24316 1701 18
18107 25 4
10262 25 4
16239 25 4
13637 25 4
4429 25 4
5353 25 4
20823 25 4
1582 24653 6
10945 25 4
24655 336 6
22834 25 4
16776 1221 6
18359 18110 6
19775 3412 6
22330 24963 6
23913 25 4
10253 25 4
4613 25 4
1163 2740 6
12784 25 4
22911 6732 6
17113 10011 6
8901 25 4
22735 1630 9
9131 25 4
11385 5537 6
12708 25 4
8721 9423 6
13547 24639 17
5598 25 4
12351 25 4
20521 10744 15
19749 25 4
6174 25 4
711 25 4
15169 25 4
20904 8560 15
2372 25 4
2758 25 4
17107 25 4
11880 2231 6
2455 25 4
24178 25 4
12176 25 4
6752 25 4
8996 3905 6
5051 25 4
1225 23523 6
11988 25 4
21766 25 4
15698 10151 6
10341 25 4
11151 6918 6
18161 25 4
19080 25 4
15519 8954 6
1692 25 4
23146 25 4
22001 864 6
13230 25 4
6409 25 4
11912 16002 6
1255 25031 6
13495 25 4
8060 25 4
22535 25 4
20549 25 4
9195 25 4
4565 25 4
12815 25 4
16100 25 4
14801 25 4
20924 9728 6
23811 25 4
11359 4620 6
9676 17467 6
11897 25 4
18336 25 4
10212 25 4
7071 112 4
20643 1630 24
13395 25 4
23204 6272 6
15689 25 4
6912 144 6
17947 3412 6
11138 19201 6
25125 24697 6
6809 25 4
19973 25 4
18939 336 15
11224 8486 22
10405 19471 27
2847 17772 6
20265 3441 9
23840 11325 6
13480 25 4
8687 25 4
20815 1443 6
20268 25 4
5044 4306 6
11964 336 15
22522 4426 6
11088 25 4
4229 25 4
11306 13845 6
16535 25 4
19967 25 4
18693 25 4
23130 24293 6
24466 3397 15
6142 7568 6
13689 25 4
439 25 4
8780 25 4
21524 15434 6
25420 25 4
16125 25 4
19319 25 4
406 2740 6
9699 25144 6
11581 21116 6
22702 25 4
10128 14017 6
15797 25 4
5769 21172 6
15495 20312 6
24991 1111 6
8236 25 4
21306 25 4
17862 25 4
9111 13845 6
8258 25 4
15746 25 4
20708 25 4
6051 980 6
4505 25 4
7604 25 4
113 25 4
2726 25 4
1934 25 4
9721 3397 6
8579 25 4
9601 25 4
21992 25 4
24308 25 4
25666 25 4
2651 25 4
22767 25 4
19771 11026 6
12365 25 4
2206 25 4
23062 1253 6
14713 25 4
5803 7014 6
13157 25 4
12529 25 4
11966 25 4
14928 25 4
10792 25 4
17638 25 4
1013 23457 6
981 25 4
14000 25 4
7128 21641 6
20825 25 4
24220 5413 6
19673 5913 6
18588 8968 6
4969 25 4
14646 1057 6
19064 10744 6
17363 25031 6
8237 25 4
6458 11291 6
17261 25 4
2255 25 4
22816 25 4
6405 25 4
4291 25 4
7506 25 4
2706 25 4
17246 18160 6
6524 25 4
22677 25 4
21449 19822 6
16623 25 4
13696 4140 6
14133 25 4
8877 25 4
11205 25 4
19939 17973 6
9966 25 4
9102 25 4
10707 25 4
1984 6060 6
5240 25 4
12854 25 4
12928 25 4
18555 112 4
19089 25 4
18118 4140 6
18459 25 4
6901 25 4
7018 336 6
22724 25 4
23068 25 4
14241 25 4
20883 8856 6
22179 25 4
10302 6918 15
17652 13035 15
2560 4140 6
9021 13951 6
24046 25 4
23323 25 4
23006 25 4
20834 2470 6
22504 25 4
18927 1678 6
23023 18020 22
4158 25 4
5544 25 4
8866 9423 6
22099 11558 22
24923 13775 6
24487 25 4
13484 25 4
9469 25 4
20127 25 4
24239 25 4
9277 25 4
23009 25 4
21268 24851 6
14416 4796 6
14886 3885 6
10213 25 4
14637 21974 6
24229 25 4
18613 25 4
16988 25 4
22252 7070 6
2371 15572 6
10006 336 6
19787 23258 6
16943 8954 6
21374 25 4
15210 25 4
4523 25 4
6954 25 4
21081 25 4
4699 25 4
13664 2740 6
1857 5462 6
2582 5644 6
21848 13845 6
25163 25 4
19464 4140 6
2763 25 4
15511 4395 6
7304 25 4
18483 25 4
20910 25 4
5266 25 4
8042 25 4
14737 20472 6
3763 5373 17
19941 25 4
2211 25 4
23200 25 4
14055 25524 6
15788 6272 6
19427 25 4
3221 13845 6
13257 18110 6
1270 25 4
17708 25 4
14639 25 4
22773 25 4
13949 25 4
5324 18039 6
23040 25 4
11656 2085 9
24157 25 4
18259 25 4
24546 25 4
4771 10744 6
19591 25 4
16186 4426 6
1940 21453 6
1737 25 4
728 10906 6
8645 25 4
1672 7438 6
22728 1630 24
24049 1027 15
8993 25 4
22557 4426 6
19036 8856 6
819 5950 6
18134 25 4
22141 25 4
6937 25 4
19728 25 4
10303 7449 6
21184 5644 6
6858 3483 6
15244 8183 6
5399 25 4
2203 25 4
15884 25 4
8596 25 4
10895 23534 6
24248 25 4
25774 25 4
636 4796 6
17561 248 6
12579 25 4
8616 25 4
7900 17785 6
10406 25 4
20723 25 4
6736 25 4
4156 25 4
12065 4796 6
8617 7618 6
15708 7924 6
25346 25 4
16595 3397 6
3348 22313 6
14425 25 4
14513 13845 6
4900 5102 6
22112 23589 6
458 25 4
17328 23113 6
19351 399 6
20884 25 4
24366 25 4
10187 8183 6
18759 144 6
19995 25 4
7861 25 4
17932 25 4
3185 7449 6
5388 8846 6
22573 19056 6
4565 13848 6
11749 25 4
22393 25 4
8593 25 4
25236 21727 6
4289 25 4
17716 13845 6
17122 248 15
16531 25 4
1826 11180 6
16468 14829 6
22716 25 4
14364 144 6
267 5644 6
2021 8805 6
6893 3643 9
21372 2231 6
6417 455 6
23787 25 4
9263 25 4
17022 25 4
213 5443 6
20348 1701 18
22421 3643 24
25514 21672 15
22650 25 4
25313 112 4
23804 25 4
18577 25 4
13479 25 4
23667 25 4
320 25 4
21285 5644 6
11268 25 4
19644 25 4
7734 25 4
4837 25237 6
16363 24382 6
5483 10011 6
22214 8856 6
5652 25 4
9853 25 4
11022 336 6
24762 25 4
3875 25 4
16341 660 6
3067 25 4
7560 25 4
21002 6042 9
9806 25 4
20814 25 4
18603 25 4
3006 4426 6
727 25 4
21286 25 4
12260 25 4
24340 336 15
23042 25 4
22841 25 4
1339 25 4
8008 2740 6
24750 7449 6
14905 25 4
25741 25 4
11954 25 4
2556 23572 6
5646 8954 6
5212 14553 6
18789 25083 6
6537 25 4
16019 25 4
21423 1311 9
1334 15916 22
10021 6593 6
18328 13055 15
19838 25 4
21864 522 6
23238 112 4
23647 16434 17
2968 5913 6
9409 12044 6
14193 25 4
12445 20181 22
21423 1221 15
1217 25 4
6258 522 6
20974 15653 6
15659 25 4
3230 25 4
23368 25 4
18956 25 4
22060 21169 6
23841 24704 6
6852 24913 6
23217 6017 6
14597 25 4
8131 660 6
10274 25 4
25509 24684 17
23706 25 4
8171 25 4
665 25 4
10017 25 4
2351 22101 6
14732 6732 6
9591 10151 6
5606 25 4
7545 25 4
20175 3412 15
15979 25 4
18823 25 4
18523 4809 6
1458 25 4
10189 9997 15
17338 25 4
18449 25 4
17423 25 4
21636 16600 22
18456 14161 6
18391 336 6
19893 25 4
13302 25 4
22374 25 4
9813 25 4
9003 2740 6
11487 6060 6
24939 25 4
22006 25 4
14556 8856 6
9434 25 4
20770 25 4
6664 15401 6
11820 1027 6
5761 25 4
10038 12832 6
25016 21150 15
22626 5412 6
4387 10279 6
17336 25 4
4194 25 4
22136 25 4
16279 12103 6
12376 24253 6
9300 336 6
17585 6035 6
8490 25 4
20735 25 4
22587 25 4
16601 25 4
23962 10744 6
14363 25 4
6088 25 4
18265 8856 6
18569 25 4
11831 25 4
7242 25 4
17426 10019 6
4662 25 4
16115 803 15
11306 25 4
5103 25 4
11385 25 4
18200 11618 6
14354 25 4
17155 25 4
22843 1221 6
25861 25 4
10752 25 4
19789 25 4
247 25 4
10768 336 6
23051 19779 15
24188 25 4
8063 7438 6
11236 25 4
3857 25 4
23415 24092 6
13616 25 4
9768 25 4
12697 25 4
20057 10654 6
21765 25 4
6364 25 4
23338 10019 6
18036 25 4
18676 8981 6
12399 25 4
18386 25593 6
5792 25 4
5733 864 6
19578 25 4
20201 25 4
6081 25 4
14953 25 4
15087 19393 6
5936 5462 6
5372 1467 9
11428 25 4
25454 25 4
6879 10019 6
22869 4140 6
17336 8478 6
11487 25 4
17792 25 4
21938 25 4
21840 14398 6
9006 25 4
19637 25 4
22619 25 4
10897 25 4
25871 16565 17
15639 7595 15
16844 25 4
5360 25 4
14751 3905 6
2038 25370 6
12753 25 4
25874 7438 6
16467 25 4
9713 25 4
14618 13951 6
1004 20585 6
8409 25 4
10572 14217 6
21920 25 4
25473 3885 6
18608 9894 6
13138 6969 6
10335 15742 6
5105 11904 6
8613 25 4
11149 25 4
23512 25 4
13274 25 4
7428 25 4
24134 25 4
5421 25 4
8595 25 4
18397 11325 6
19560 15134 6
95 6272 6
855 25 4
18288 25 4
21734 25 4
13256 25 4
18435 25 4
16905 25 4
22219 25 4
24586 25 4
2354 25 4
14575 864 6
15182 25 4
21319 25 4
10651 3483 6
25588 25 4
11246 25 4
19060 3397 6
19226 336 6
16893 25 4
2248 25 4
13206 25 4
13478 25 4
25887 25 4
19504 25 4
4247 25 4
7561 25 4
16498 13184 6
4872 25 4
17419 14803 6
12800 25 4
5337 8846 6
24604 112 4
5801 25 4
18004 2005 6
10540 25 4
6490 25 4
14215 803 6
9565 25 4
12276 25 4
14303 25 4
14138 25 4
15094 13845 6
9795 21026 6
23827 2740 6
25461 25 4
13121 25 4
17027 3905 6
13324 25 4
6995 25 4
19739 3216 24
16556 25 4
3765 25 4
15976 25 4
4648 25 4
19618 522 6
8007 2832 6
4374 14321 18
7146 25 4
18718 336 6
2331 25 4
13029 25 4
25124 25 4
2893 25 4
19432 13452 9
18143 17801 6
14094 25 4
15607 2694 15
16758 25 4
14776 25 4
12891 25 4
3647 25 4
10763 10508 6
14346 18629 6
21496 25 4
13998 25 4
6898 25 4
10387 25 4
3927 25 4
8045 25 4
18748 25 4
11162 25 4
7578 24468 6
18833 1630 9
2002 248 6
15616 25 4
3740 18452 6
21857 23258 6
13475 25 4
16553 25 4
10644 4140 6
22892 11618 6
17831 25 4
21575 25 4
17876 25 4
10366 2188 6
4240 19173 6
21006 25 4
22288 13775 6
14227 25 4
23426 112 4
7248 25 4
22172 25 4
25626 25 4
9884 25 4
21557 25 4
25910 25 4
10026 25 4
4973 25 4
21564 25 4
2742 25 4
16812 13845 15
6157 25 4
19495 25 4
10935 6272 6
15725 25 4
15271 13880 6
18656 21790 6
21963 2231 6
1206 522 6
14167 25 4
18644 25 4
23269 25 4
11634 25 4
25745 25 4
22525 2470 6
16612 25 4
5327 3905 6
1457 3397 6
10255 25353 6
6787 4306 6
9055 112 4
21447 25 4
25917 1221 6
25066 19779 15
8300 25038 6
3373 6386 6
9498 1101 6
18576 2470 6
13567 7438 6
24223 25 4
539 192 6
10193 1630 9
17682 25 4
15294 25 4
20669 25 4
15390 25 4
5076 20312 6
10283 25 4
22998 25 4
4623 25 4
20124 25 4
12616 25 4
8393 25 4
21675 21790 6
11535 25 4
20765 21701 6
22057 25 4
10954 17764 6
11413 257 6
14437 4140 6
9275 4140 6
18372 7014 6
22527 25 4
15737 10508 6
7534 25 4
15036 6272 6
2239 3412 6
19445 25 4
1756 18160 6
19498 25 4
1927 25 4
8918 25 4
14263 1630 9
8263 21831 6
23480 25 4
9420 25 4
7739 25 4
22997 2694 6
25359 24704 6
15411 15629 15
1024 25 4
12262 15999 6
14174 25 4
22241 25 4
4571 25 4
1178 25 4
20638 336 6
17414 25 4
14006 25 4
17803 25 4
18751 25 4
9192 2740 6
2894 112 4
17387 25 4
25114 24467 29
5829 3412 6
20121 20058 6
19563 25 4
17910 25 4
14604 25 4
22588 20752 6
17568 25 4
22283 25 4
13770 13845 6
17044 11587 6
17884 7438 6
18338 5224 6
13430 25 4
15365 17732 6
1626 24106 6
16173 25 4
13583 20527 6
18844 8852 6
3695 25 4
6014 25 4
5599 2216 6
5049 25 4
11552 25 4
10012 25 4
19491 25 4
12267 25 4
10114 25 4
11901 1630 9
11222 25 4
5295 25 4
4163 25 4
6729 23261 6
16433 1027 15
13207 25 4
15075 25 4
13484 5950 6
2757 15629 6
17494 1101 6
25416 21487 18
22892 25 4
22174 25 4
10511 25 4
24905 25 4
14238 1221 15
20470 25 4
14248 25 4
24185 25 4
17360 336 15
22063 25 4
5337 25 4
2543 25 4
17924 25 4
2212 17260 6
4510 19061 6
493 25 4
1580 25 4
10743 24120 9
18660 25 4
5680 25 4
17977 25 4
25820 17053 6
14958 25 4
23455 25 4
13449 25 4
12726 4426 6
10882 25611 6
1266 25 4
6419 25 4
12023 25 4
24329 5462 6
19227 25 4
24656 19471 22
24289 25 4
11884 25 4
5650 25 4
25838 25 4
21212 25 4
9441 18629 6
22991 25 4
22094 25 4
4173 2231 6
23110 25 4
25093 15700 6
24058 25 4
22052 7568 6
1567 18931 17
23118 18678 6
14236 25 4
13007 25 4
275 13380 6
6507 25 4
14305 25 4
18143 10327 17
12221 25 4
20767 25 4
18114 25 4
21277 1027 6
12772 23258 6
16831 864 6
3031 25 4
17213 25 4
23365 25 4
13026 3155 15
2670 4809 6
13729 25 4
20929 13209 17
19494 3412 15
21804 25 4
9398 25 4
24394 25 4
20065 9689 6
20643 18267 24
5986 25 4
6374 25 4
10636 25 4
19627 25 4
10201 11911 18
7393 8954 6
22371 25 4
18512 25 4
12174 25 4
12648 25 4
7251 25 4
11725 25 4
1380 8981 6
8959 15572 15
249 1101 6
3396 25 4
9352 25 4
21225 25 4
9250 25 4
8590 25 4
2745 25 4
25401 25 4
4063 25 4
22212 4426 6
24321 5102 6
12912 25 4
17364 25 4
11902 25 4
7443 1872 6
25300 25 4
2163 25 4
11715 25 4
15882 25 4
18833 3912 17
19759 522 6
21227 15142 22
5288 25 4
5469 25 4
19922 5462 6
5993 25 4
11337 25 4
8443 25 4
19341 25 4
331 25 4
10862 4047 6
8480 25 4
16593 25 4
13114 112 4
1595 25 4
8457 22917 6
17297 21031 6
18080 19046 6
19265 25 4
25739 25 4
5676 25 4
14773 25 4
13614 25 4
17667 25 4
22550 23890 6
15813 25 4
16576 25 4
10504 803 6
18437 25 4
298 16077 6
13998 16584 15
11783 8183 6
16846 25 4
19104 25 4
8444 25 4
7346 25 4
18222 25 4
17470 25 4
16656 15643 6
10893 25 4
11457 15629 6
22280 25 4
5929 22832 6
13563 10508 6
4126 23258 6
22645 25 4
13307 25 4
8136 144 6
6069 25 4
7922 25 4
4341 5462 6
11598 25 4
10172 144 6
7353 25 4
13493 25 4
21454 25 4
469 25 4
12055 8954 6
4587 23890 6
25021 10732 15
3102 23572 6
19943 25 4
22083 25 4
17935 25 4
12978 14368 6
6892 25 4
2876 25 4
17207 25 4
14826 25 4
12410 22891 6
15522 25 4
16305 25 4
16341 25 4
19584 5884 9
13831 25 4
17513 11904 6
20006 25 4
14153 1221 6
3177 25 4
12007 11325 6
8754 25 4
21048 25 4
7095 6593 6
12109 25 4
11102 22149 6
3104 25 4
9916 5102 6
3146 5644 6
7272 11911 18
24138 6017 6
14927 25 4
18954 25 4
18248 25 4
17939 20774 6
2619 8856 6
17051 25 4
16043 25 4
20245 23996 6
10643 25 4
21122 25 4
11757 25 4
10337 660 15
16070 25 4
15296 25 4
4089 13845 6
12423 25 4
25283 5102 6
15710 25 4
119 25 4
20994 248 6
21851 25 4
14982 21214 6
4464 25 4
9258 25 4
18313 25 4
21855 25 4
11123 11472 6
6252 9423 15
8695 864 6
4340 25 4
7463 25 4
8651 25 4
5821 13880 6
10377 3885 6
6675 11502 6
23301 25 4
17847 25 4
11326 17968 6
20195 13880 6
8544 10151 6
22779 25 4
2542 25 4
335 25 4
10779 9997 6
18497 25 4
5935 25 4
25871 25 4
21866 19056 6
14218 13775 6
21631 25 4
5361 25 4
7187 25 4
4936 25 4
20666 25 4
24155 502 9
10493 11502 15
2728 21974 6
24687 5913 15
3522 25 4
5237 25 4
22921 1630 9
25840 8083 6
22725 5102 15
20194 5644 6
14293 25 4
17796 15805 26
9381 17902 6
21279 25 4
25045 112 4
6570 25 4
2025 25 4
23250 25 4
17520 25 4
20475 25694 15
24754 5462 6
2405 2740 6
10186 25 4
16713 3483 6
9764 4796 6
13039 5913 15
20455 25 4
12519 21116 6
5905 25 4
2169 25 4
7087 19949 6
22003 3155 6
22233 25 4
25835 25 4
3008 25 4
18232 18341 6
15247 25 4
12953 25 4
16757 25 4
14527 2282 6
15910 144 6
16604 25 4
8352 25 4
9032 25 4
9953 25 4
12248 25 4
13946 24758 17
25723 25 4
18599 25 4
7716 25 4
21443 20312 6
12154 19046 6
13319 21384 6
25541 24934 6
16108 25 4
17170 25 4
19237 25 4
20076 25 4
10667 16903 6
17762 25 4
7612 25 4
17841 25 4
6465 25 4
5781 25 4
22797 25 4
20940 25 4
18800 25 4
18240 25 4
23836 25 4
15129 25 4
15429 25 4
24533 3412 6
7892 25 4
11874 1221 15
23487 25 4
3082 1630 9
12499 5462 6
17880 25 4
20577 112 4
19417 25 4
5175 25 4
24930 21150 6
15644 25 4
21842 2740 6
18835 25 4
17215 25 4
5323 25 4
17272 25 4
5738 25 4
15475 25 4
13612 25 4
780 522 6
20038 25 4
18101 25 4
19144 10151 6
9501 8649 6
22265 260 6
8685 25 4
8110 25 4
8113 25 4
6269 25 4
24091 25 4
16124 25 4
7963 20941 6
3317 25 4
20557 2748 6
22477 25 4
13814 25 4
18309 25 4
9089 25 4
4284 25 4
12700 25 4
13016 25 4
18135 25 4
9555 25 4
10445 25 4
8605 25 4
21638 180 6
11433 25 4
18489 25 4
25916 25146 17
486 25 4
12774 25 4
8746 25 4
14794 18740 6
11273 8090 24
14182 25 4
15394 13848 6
23309 19447 27
14467 4140 6
21805 1221 6
12248 3397 6
13360 6593 6
16440 25 4
4500 25 4
20047 25 4
23025 25 4
18239 25 4
10565 11291 6
19195 25 4
14747 25 4
1725 25 4
4022 25 4
1230 15629 6
9145 25 4
10297 25 4
16574 22947 6
16145 25 4
14294 25 4
18894 25 4
3660 25 4
20648 25 4
2859 25 4
16155 25 4
14457 5913 6
2787 25 4
4104 25 4
25167 16600 22
14958 7028 6
16223 25 4
14058 25 4
4740 25 4
17868 25 4
3165 25 4
5572 25 4
21451 5932 17
10153 25 4
6032 25 4
16540 4140 6
12097 3397 6
20457 25 4
14903 25 4
20109 25 4
6283 24521 6
23553 18629 6
18594 23890 6
4469 25 4
6518 2740 6
14607 25 4
21957 25 4
8017 9894 6
8763 25 4
4687 25 4
17892 25 4
3222 3905 6
21882 14368 6
16869 25 4
7149 25 4
6710 2005 6
17503 336 6
9940 25 4
23132 25 4
25707 25 4
2993 25 4
18841 25 4
853 25 4
5110 25 4
17625 20665 6
2442 25 4
5864 24434 6
21839 25 4
10819 25 4
17444 11502 6
14330 180 6
10341 803 6
11035 13845 6
14554 25 4
13745 3905 6
265 20472 6
400 25 4
6757 25 4
16796 10906 6
4481 25 4
17515 25 4
5560 25 4
117 25 4
9033 25 4
23342 25 4
6151 5644 6
17930 112 4
8551 25 4
14579 25 4
8476 25 4
24268 25 4
19527 24045 6
6422 25 4
2927 25 4
14505 25 4
6115 336 6
9443 11180 6
24215 2188 6
9506 25 4
2772 25 4
20642 25 4
163 25 4
13978 25 4
23871 144 6
9846 25 4
22166 112 4
3098 25 4
5397 25 4
7643 25 4
11700 25 4
9376 2470 6
6475 20312 6
20753 25 4
19927 25 4
17567 25 4
21905 11342 6
19525 4796 6
18657 25 4
24830 25 4
18606 25 4
22146 3643 9
5849 3905 6
2208 2740 6
6791 25 4
15217 25 4
23468 12227 6
12659 25 4
800 25 4
9255 9893 15
19916 17147 6
913 25 4
2399 864 6
21746 25 4
3634 25 4
6220 25 4
25999 21150 15
19622 25 4
11639 22903 6
161 803 6
4807 25 4
5925 1221 6
9941 25 4
23105 25 4
8525 25 4
867 25 4
25082 19808 6
6380 4140 6
4233 23261 15
21615 25 4
7851 25 4
9596 25 4
1307 25 4
9155 25 4
25446 25 4
17077 18678 15
2838 803 6
23046 25 4
22075 25 4
14841 15999 6
22718 25 4
25243 10971 27
24732 25 4
18003 25 4
11077 4796 6
10948 25 4
20569 112 4
8972 25 4
20820 25 4
5458 7028 6
9221 15142 22
19001 10443 6
10216 6041 6
21929 25 4
11253 11904 6
23778 22235 6
5674 10654 6
349 9997 15
2917 25 4
22220 8856 6
6868 25 4
12028 25 4
8825 20982 6
15854 25573 6
9859 6272 6
9435 22955 6
21343 3690 6
8839 25 4
11200 25 4
5181 25849 6
11559 25 4
878 25 4
3742 25 4
12050 8061 6
6845 25 4
2284 25 4
19851 25 4
15352 8649 6
18446 25 4
9409 25 4
20147 25 4
3826 15572 6
16672 25429 15
20968 25 4
2583 12227 6
17444 25 4
12165 25 4
11956 2740 6
22682 25 4
11764 25 4
13646 112 4
21719 25 4
4891 25 4
6151 25 4
14046 8981 6
19466 25 4
4929 23261 6
25502 25 4
5875 25 4
8618 25 4
3784 25 4
4297 25 4
18097 25405 6
833 21116 6
20437 10744 6
12083 25 4
16223 838 6
23904 6035 6
2617 25 4
3416 3905 6
21163 2740 6
15120 25 4
8919 8856 6
11701 2694 6
3104 21297 6
19128 25 4
25909 25 4
22083 12489 6
14 25 4
5205 23996 6
7872 25 4
15630 25 4
20086 25 4
9630 25 4
15904 5751 6
6698 25 4
11575 24196 6
13044 25 4
23822 10508 6
17906 25 4
515 25 4
24627 25 4
21394 25 4
11277 25 4
11377 25 4
11890 25 4
16538 25 4
17919 25 4
18989 980 6
4014 25 4
3134 25 4
21594 25 4
18621 25 4
353 25 4
8063 25 4
19185 14217 6
16111 25 4
10203 25664 15
17317 8183 6
22863 1027 6
9786 2694 6
6291 3905 6
20795 25 4
21336 25 4
125 25 4
20671 25 4
25275 5913 15
13526 25112 6
4045 25 4
11069 25 4
19466 11180 6
9197 803 6
7142 25 4
6653 25 4
11375 25 4
3066 25 4
13658 25 4
3264 7480 6
14755 25 4
13527 25 4
9813 21214 6
25492 144 6
6540 9839 6
14186 25 4
21086 25 4
4652 25 4
22421 25 4
14972 25 4
4705 25 4
24609 25 4
25632 21448 6
17318 25 4
22416 25 4
23286 25 4
153 19266 6
18315 10242 6
14735 25 4
13262 6732 6
8854 25 4
7675 25 4
9429 2740 6
5393 25 4
23209 25 4
14393 192 6
6989 25 4
5260 18452 6
8541 25 4
4301 17467 6
24403 25 4
2962 25 4
4364 6589 6
20388 7455 6
1080 11098 6
19436 8856 6
19712 25 4
2434 3483 15
22046 25 4
10739 25 4
11280 25 4
12277 6665 6
5647 25 4
14784 25 4
19713 25 4
16483 25 4
14877 25 4
1172 17973 6
6525 25 4
19956 25 4
11104 25 4
18879 25 4
22032 2748 6
23607 25 4
2984 25 4
18685 25 4
9871 25 4
11663 25 4
4987 17732 6
20701 25 4
286 5443 6
1739 16924 6
14143 20672 6
13795 25 4
24121 25 4
10165 25 4
10353 25 4
16877 17260 15
4649 25 4
12166 2231 6
12308 25 4
222 25 4
16774 25 4
15241 25 4
2820 25 4
4128 25 4
17273 25 4
7447 25 4
25384 10529 22
13163 25 4
18781 803 6
2350 3905 6
6388 13009 6
18996 2740 6
6468 25 4
12094 25 4
366 25 4
24019 25 4
21644 23258 6
12760 6918 6
10468 25 4
23134 25 4
19970 8061 6
26071 25 4
25468 25 4
23147 4894 6
21191 25 4
135 25 4
24173 25 4
18226 25 4
20694 25 4
20687 25 4
22257 12132 6
5726 25 4
8849 25 4
3305 5412 6
16053 144 6
18389 25 4
11025 25 4
20938 803 6
25489 25 4
19336 25 4
10431 25 4
20520 4140 6
10176 25 4
18861 19266 6
26070 25 4
4142 25 4
18481 112 4
24207 22832 6
19424 25 4
7082 20672 6
1860 25 4
23840 25 4
19210 25 4
12205 25 4
19000 25 4
10174 25 4
6744 25 4
8108 25038 6
20147 144 6
13565 25 4
25590 8183 15
19322 3905 6
12773 25 4
12810 25 4
6261 25 4
8245 5094 6
19806 25 4
19424 6272 6
9865 25 4
2940 25 4
4367 25 4
10331 13260 17
5403 5950 6
8780 8183 15
18555 3964 24
806 25 4
22391 4426 15
9227 25 4
12709 25 4
24040 25 4
10064 25 4
8573 3397 6
2560 25 4
